,year,avetem,year,ppb,year,tot,year,burnt_area,year,tree_loss,year,SO2
0,1880.0,14.02,1984.0,1644.68,1700,8.3,2024.0,2160929254.0,2001.0,2532195.9565154896,1970.0,96575.47667445299
1,1881.0,14.1,1985.0,1657.29,1701,18.3,2023.0,29414853944.0,2002.0,4582541.867024897,1971.0,93528.79895415454
2,1882.0,14.08,1986.0,1670.09,1702,26.7,2022.0,28167022158.0,2003.0,4506520.184234246,1972.0,97908.57676217641
3,1883.0,14.01,1987.0,1682.7,1703,38.3,2021.0,28709310575.0,2004.0,5428567.992511113,1973.0,103930.96180386248
4,1884.0,13.9,1988.0,1693.13,1704,60.0,2020.0,32231327477.0,2005.0,3918241.6760007525,1974.0,103215.20169989571
5,1885.0,13.85,1989.0,1704.53,1705,96.7,2019.0,31007853452.0,2006.0,4185673.8905408327,1975.0,103893.91645355846
6,1886.0,13.87,1990.0,1714.43,1706,48.3,2018.0,24474499557.0,2007.0,4003205.5178705584,1976.0,109356.33715082525
7,1887.0,13.82,1991.0,1724.84,1707,33.3,2017.0,29390737425.0,2008.0,4265944.456603227,1977.0,113375.65578409177
8,1888.0,14.01,1992.0,1735.46,1708,16.7,2016.0,31518425624.0,2009.0,2892751.6808759696,1978.0,115849.82359643673
9,1889.0,14.08,1993.0,1736.49,1709,13.3,2015.0,32289715358.0,2010.0,3660551.386195782,1979.0,117528.40962795625
10,1890.0,13.83,1994.0,1742.07,1710,5.0,2014.0,30429013204.0,2011.0,4234415.432493299,1980.0,116109.63957584795
11,1891.0,13.959999999999999,1995.0,1748.87,1711,0.0,2013.0,29798274200.0,2012.0,6744074.416693635,1981.0,113005.43560392778
12,1892.0,13.91,1996.0,1751.28,1712,0.0,2012.0,30464509859.0,2013.0,7001910.614697615,1982.0,109553.96553252412
13,1893.0,13.87,1997.0,1754.53,1713,3.3,,,2014.0,6433195.642261098,1983.0,108450.48573424523
14,1894.0,13.879999999999999,1998.0,1765.54,1714,18.3,,,2015.0,5292543.747783683,1984.0,109066.74864340892
15,1895.0,13.959999999999999,1999.0,1772.35,1715,45.0,,,2016.0,9627818.810984775,1985.0,108031.06395655882
16,1896.0,14.07,2000.0,1773.33,1716,78.3,,,2017.0,7942552.365697597,1986.0,108878.81280166413
17,1897.0,14.07,2001.0,1771.28,1717,105.0,,,2018.0,6465932.387400811,1987.0,109937.96484805929
18,1898.0,13.91,2002.0,1772.67,1718,100.0,,,2019.0,7569588.6967777265,1988.0,111383.33848688139
19,1899.0,14.0,2003.0,1777.33,1719,65.0,,,2020.0,8878518.558401754,1989.0,110122.10462449651
20,1900.0,14.1,2004.0,1777.05,1720,46.7,,,2021.0,9335076.109779336,1990.0,110189.27248466732
21,1901.0,14.03,2005.0,1774.16,1721,43.3,,,2022.0,6716176.4438549625,1991.0,108378.90218801072
22,1902.0,13.9,2006.0,1774.96,1722,36.7,,,2023.0,11913704.35765496,1992.0,105902.70179474681
23,1903.0,13.809999999999999,2007.0,1781.37,1723,18.3,,,2024.0,13464851.10246205,1993.0,103980.66491459706
24,1904.0,13.709999999999999,2008.0,1787.01,1724,35.0,,,,,1994.0,99945.6469064723
25,1905.0,13.92,2009.0,1793.53,1725,66.7,,,,,1995.0,98410.4861778759
26,1906.0,13.959999999999999,2010.0,1798.91,1726,130.0,,,,,1996.0,97324.39861456663
27,1907.0,13.79,2011.0,1803.09,1727,203.3,,,,,1997.0,98377.9335663286
28,1908.0,13.75,2012.0,1808.12,1728,171.7,,,,,1998.0,97966.45333972617
29,1909.0,13.69,2013.0,1813.41,1729,121.7,,,,,1999.0,94388.56449232821
30,1910.0,13.74,2014.0,1822.57,1730,78.3,,,,,2000.0,94075.94751154305
31,1911.0,13.74,2015.0,1834.24,1731,58.3,,,,,2001.0,91690.09668933507
32,1912.0,13.82,2016.0,1843.12,1732,18.3,,,,,2002.0,88889.13453300686
33,1913.0,13.83,2017.0,1849.66,1733,8.3,,,,,2003.0,91236.3784542515
34,1914.0,14.03,2018.0,1857.34,1734,26.7,,,,,2004.0,94892.36098766464
35,1915.0,14.04,2019.0,1866.58,1735,56.7,,,,,2005.0,97172.598468857
36,1916.0,13.82,2020.0,1878.72,1736,116.7,,,,,2006.0,96276.00317820757
37,1917.0,13.719999999999999,2021.0,1894.72,1737,135.0,,,,,2007.0,95794.89646638063
38,1918.0,13.879999999999999,2022.0,1910.92,1738,185.0,,,,,2008.0,94257.87266023386
39,1919.0,13.9,2023.0,1921.61,1739,168.3,,,,,2009.0,92103.23425418102
40,1920.0,13.91,2024.0,1929.97,1740,121.7,,,,,2010.0,95727.55049193303
41,1921.0,13.99,,,1741,66.7,,,,,2011.0,98673.04528094795
42,1922.0,13.9,,,1742,33.3,,,,,2012.0,99070.03693296813
43,1923.0,13.92,,,1743,26.7,,,,,2013.0,97764.6615517778
44,1924.0,13.91,,,1744,8.3,,,,,2014.0,97595.0983383924
45,1925.0,13.959999999999999,,,1745,18.3,,,,,2015.0,95070.07603591727
46,1926.0,14.08,,,1746,36.7,,,,,2016.0,92660.23994782528
47,1927.0,13.969999999999999,,,1747,66.7,,,,,2017.0,91897.53945593123
48,1928.0,13.99,,,1748,100.0,,,,,2018.0,90786.20091964175
49,1929.0,13.82,,,1749,134.8,,,,,2019.0,89060.66041781077
50,1930.0,14.03,,,1750,139.0,,,,,2020.0,77686.9275618753
51,1931.0,14.09,,,1751,79.5,,,,,2021.0,82204.55055638624
52,1932.0,14.03,,,1752,79.7,,,,,2022.0,83902.54834012511
53,1933.0,13.9,,,1753,51.2,,,,,,
54,1934.0,14.059999999999999,,,1754,20.3,,,,,,
55,1935.0,13.99,,,1755,16.0,,,,,,
56,1936.0,14.04,,,1756,17.0,,,,,,
57,1937.0,14.16,,,1757,54.0,,,,,,
58,1938.0,14.18,,,1758,79.3,,,,,,
59,1939.0,14.16,,,1759,90.0,,,,,,
60,1940.0,14.309999999999999,,,1760,104.8,,,,,,
61,1941.0,14.37,,,1761,143.2,,,,,,
62,1942.0,14.25,,,1762,102.0,,,,,,
63,1943.0,14.27,,,1763,75.2,,,,,,
64,1944.0,14.389999999999999,,,1764,60.7,,,,,,
65,1945.0,14.28,,,1765,34.8,,,,,,
66,1946.0,14.11,,,1766,19.0,,,,,,
67,1947.0,14.16,,,1767,63.0,,,,,,
68,1948.0,14.08,,,1768,116.3,,,,,,
69,1949.0,14.08,,,1769,176.8,,,,,,
70,1950.0,14.02,,,1770,168.0,,,,,,
71,1951.0,14.12,,,1771,136.0,,,,,,
72,1952.0,14.2,,,1772,110.8,,,,,,
73,1953.0,14.27,,,1773,58.0,,,,,,
74,1954.0,14.059999999999999,,,1774,51.0,,,,,,
75,1955.0,14.049999999999999,,,1775,11.7,,,,,,
76,1956.0,14.0,,,1776,33.0,,,,,,
77,1957.0,14.24,,,1777,154.2,,,,,,
78,1958.0,14.25,,,1778,257.3,,,,,,
79,1959.0,14.219999999999999,,,1779,209.8,,,,,,
80,1960.0,14.16,,,1780,141.3,,,,,,
81,1961.0,14.25,,,1781,113.5,,,,,,
82,1962.0,14.219999999999999,,,1782,64.2,,,,,,
83,1963.0,14.24,,,1783,38.0,,,,,,
84,1964.0,13.99,,,1784,17.0,,,,,,
85,1965.0,14.08,,,1785,40.2,,,,,,
86,1966.0,14.129999999999999,,,1786,138.2,,,,,,
87,1967.0,14.17,,,1787,220.0,,,,,,
88,1968.0,14.11,,,1788,218.2,,,,,,
89,1969.0,14.24,,,1789,196.8,,,,,,
90,1970.0,14.219999999999999,,,1790,149.8,,,,,,
91,1971.0,14.11,,,1791,111.0,,,,,,
92,1972.0,14.2,,,1792,100.0,,,,,,
93,1973.0,14.35,,,1793,78.2,,,,,,
94,1974.0,14.12,,,1794,68.3,,,,,,
95,1975.0,14.18,,,1795,35.5,,,,,,
96,1976.0,14.09,,,1796,26.7,,,,,,
97,1977.0,14.37,,,1797,10.7,,,,,,
98,1978.0,14.26,,,1798,6.8,,,,,,
99,1979.0,14.35,,,1799,11.3,,,,,,
100,1980.0,14.45,,,1800,24.2,,,,,,
101,1981.0,14.51,,,1801,56.7,,,,,,
102,1982.0,14.33,,,1802,75.0,,,,,,
103,1983.0,14.5,,,1803,71.8,,,,,,
104,1984.0,14.35,,,1804,79.2,,,,,,
105,1985.0,14.309999999999999,,,1805,70.3,,,,,,
106,1986.0,14.37,,,1806,46.8,,,,,,
107,1987.0,14.51,,,1807,16.8,,,,,,
108,1988.0,14.58,,,1808,13.5,,,,,,
109,1989.0,14.459999999999999,,,1809,4.2,,,,,,
110,1990.0,14.639999999999999,,,1810,0.0,,,,,,
111,1991.0,14.6,,,1811,2.3,,,,,,
112,1992.0,14.41,,,1812,8.3,,,,,,
113,1993.0,14.42,,,1813,20.3,,,,,,
114,1994.0,14.5,,,1814,23.2,,,,,,
115,1995.0,14.629999999999999,,,1815,59.0,,,,,,
116,1996.0,14.52,,,1816,76.3,,,,,,
117,1997.0,14.65,,,1817,68.3,,,,,,
118,1998.0,14.799999999999999,,,1818,52.9,,,,,,
119,1999.0,14.57,,,1819,38.5,,,,,,
120,2000.0,14.58,,,1820,24.2,,,,,,
121,2001.0,14.719999999999999,,,1821,9.2,,,,,,
122,2002.0,14.82,,,1822,6.3,,,,,,
123,2003.0,14.809999999999999,,,1823,2.2,,,,,,
124,2004.0,14.719999999999999,,,1824,11.4,,,,,,
125,2005.0,14.87,,,1825,28.2,,,,,,
126,2006.0,14.83,,,1826,59.9,,,,,,
127,2007.0,14.85,,,1827,83.0,,,,,,
128,2008.0,14.73,,,1828,108.5,,,,,,
129,2009.0,14.85,,,1829,115.2,,,,,,
130,2010.0,14.92,,,1830,117.4,,,,,,
131,2011.0,14.799999999999999,,,1831,80.8,,,,,,
132,2012.0,14.84,,,1832,44.3,,,,,,
133,2013.0,14.87,,,1833,13.4,,,,,,
134,2014.0,14.94,,,1834,19.5,,,,,,
135,2015.0,15.09,,,1835,85.8,,,,,,
136,2016.0,15.2,,,1836,192.7,,,,,,
137,2017.0,15.11,,,1837,227.3,,,,,,
138,2018.0,15.04,,,1838,168.7,,,,,,
139,2019.0,15.17,,,1839,143.0,,,,,,
140,2020.0,15.2,,,1840,105.5,,,,,,
141,2021.0,15.04,,,1841,63.3,,,,,,
142,2022.0,15.08,,,1842,40.3,,,,,,
143,2023.0,15.36,,,1843,18.1,,,,,,
144,,,,,1844,25.1,,,,,,
145,,,,,1845,65.8,,,,,,
146,,,,,1846,102.7,,,,,,
147,,,,,1847,166.3,,,,,,
148,,,,,1848,208.3,,,,,,
149,,,,,1849,182.5,,,,,,
150,,,,,1850,126.3,,,,,,
151,,,,,1851,122.0,,,,,,
152,,,,,1852,102.7,,,,,,
153,,,,,1853,74.1,,,,,,
154,,,,,1854,39.0,,,,,,
155,,,,,1855,12.7,,,,,,
156,,,,,1856,8.2,,,,,,
157,,,,,1857,43.4,,,,,,
158,,,,,1858,104.4,,,,,,
159,,,,,1859,178.3,,,,,,
160,,,,,1860,182.2,,,,,,
161,,,,,1861,146.6,,,,,,
162,,,,,1862,112.1,,,,,,
163,,,,,1863,83.5,,,,,,
164,,,,,1864,89.2,,,,,,
165,,,,,1865,57.8,,,,,,
166,,,,,1866,30.7,,,,,,
167,,,,,1867,13.9,,,,,,
168,,,,,1868,62.8,,,,,,
169,,,,,1869,123.6,,,,,,
170,,,,,1870,232.0,,,,,,
171,,,,,1871,185.3,,,,,,
172,,,,,1872,169.2,,,,,,
173,,,,,1873,110.1,,,,,,
174,,,,,1874,74.5,,,,,,
175,,,,,1875,28.3,,,,,,
176,,,,,1876,18.9,,,,,,
177,,,,,1877,20.7,,,,,,
178,,,,,1878,5.7,,,,,,
179,,,,,1879,10.0,,,,,,
180,,,,,1880,53.7,,,,,,
181,,,,,1881,90.5,,,,,,
182,,,,,1882,99.0,,,,,,
183,,,,,1883,106.1,,,,,,
184,,,,,1884,105.8,,,,,,
185,,,,,1885,86.3,,,,,,
186,,,,,1886,42.4,,,,,,
187,,,,,1887,21.8,,,,,,
188,,,,,1888,11.2,,,,,,
189,,,,,1889,10.4,,,,,,
190,,,,,1890,11.8,,,,,,
191,,,,,1891,59.5,,,,,,
192,,,,,1892,121.7,,,,,,
193,,,,,1893,142.0,,,,,,
194,,,,,1894,130.0,,,,,,
195,,,,,1895,106.6,,,,,,
196,,,,,1896,69.4,,,,,,
197,,,,,1897,43.8,,,,,,
198,,,,,1898,44.4,,,,,,
199,,,,,1899,20.2,,,,,,
200,,,,,1900,15.7,,,,,,
201,,,,,1901,4.6,,,,,,
202,,,,,1902,8.5,,,,,,
203,,,,,1903,40.8,,,,,,
204,,,,,1904,70.1,,,,,,
205,,,,,1905,105.5,,,,,,
206,,,,,1906,90.1,,,,,,
207,,,,,1907,102.8,,,,,,
208,,,,,1908,80.9,,,,,,
209,,,,,1909,73.2,,,,,,
210,,,,,1910,30.9,,,,,,
211,,,,,1911,9.5,,,,,,
212,,,,,1912,6.0,,,,,,
213,,,,,1913,2.4,,,,,,
214,,,,,1914,16.1,,,,,,
215,,,,,1915,79.0,,,,,,
216,,,,,1916,95.0,,,,,,
217,,,,,1917,173.6,,,,,,
218,,,,,1918,134.6,,,,,,
219,,,,,1919,105.7,,,,,,
220,,,,,1920,62.7,,,,,,
221,,,,,1921,43.5,,,,,,
222,,,,,1922,23.7,,,,,,
223,,,,,1923,9.7,,,,,,
224,,,,,1924,27.9,,,,,,
225,,,,,1925,74.0,,,,,,
226,,,,,1926,106.5,,,,,,
227,,,,,1927,114.7,,,,,,
228,,,,,1928,129.7,,,,,,
229,,,,,1929,108.2,,,,,,
230,,,,,1930,59.4,,,,,,
231,,,,,1931,35.1,,,,,,
232,,,,,1932,18.6,,,,,,
233,,,,,1933,9.2,,,,,,
234,,,,,1934,14.6,,,,,,
235,,,,,1935,60.2,,,,,,
236,,,,,1936,132.8,,,,,,
237,,,,,1937,190.6,,,,,,
238,,,,,1938,182.6,,,,,,
239,,,,,1939,148.0,,,,,,
240,,,,,1940,113.0,,,,,,
241,,,,,1941,79.2,,,,,,
242,,,,,1942,50.8,,,,,,
243,,,,,1943,27.1,,,,,,
244,,,,,1944,16.1,,,,,,
245,,,,,1945,55.3,,,,,,
246,,,,,1946,154.3,,,,,,
247,,,,,1947,214.7,,,,,,
248,,,,,1948,193.0,,,,,,
249,,,,,1949,190.7,,,,,,
250,,,,,1950,118.9,,,,,,
251,,,,,1951,98.3,,,,,,
252,,,,,1952,45.0,,,,,,
253,,,,,1953,20.1,,,,,,
254,,,,,1954,6.6,,,,,,
255,,,,,1955,54.2,,,,,,
256,,,,,1956,200.7,,,,,,
257,,,,,1957,269.3,,,,,,
258,,,,,1958,261.7,,,,,,
259,,,,,1959,225.1,,,,,,
260,,,,,1960,159.0,,,,,,
261,,,,,1961,76.4,,,,,,
262,,,,,1962,53.4,,,,,,
263,,,,,1963,39.9,,,,,,
264,,,,,1964,15.0,,,,,,
265,,,,,1965,22.0,,,,,,
266,,,,,1966,66.8,,,,,,
267,,,,,1967,132.9,,,,,,
268,,,,,1968,150.0,,,,,,
269,,,,,1969,149.4,,,,,,
270,,,,,1970,148.0,,,,,,
271,,,,,1971,94.4,,,,,,
272,,,,,1972,97.6,,,,,,
273,,,,,1973,54.1,,,,,,
274,,,,,1974,49.2,,,,,,
275,,,,,1975,22.5,,,,,,
276,,,,,1976,18.4,,,,,,
277,,,,,1977,39.3,,,,,,
278,,,,,1978,131.0,,,,,,
279,,,,,1979,220.1,,,,,,
280,,,,,1980,218.9,,,,,,
281,,,,,1981,198.9,,,,,,
282,,,,,1982,162.4,,,,,,
283,,,,,1983,91.0,,,,,,
284,,,,,1984,60.5,,,,,,
285,,,,,1985,20.6,,,,,,
286,,,,,1986,14.8,,,,,,
287,,,,,1987,33.9,,,,,,
288,,,,,1988,123.0,,,,,,
289,,,,,1989,211.1,,,,,,
290,,,,,1990,191.8,,,,,,
291,,,,,1991,203.3,,,,,,
292,,,,,1992,133.0,,,,,,
293,,,,,1993,76.1,,,,,,
294,,,,,1994,44.9,,,,,,
295,,,,,1995,25.1,,,,,,
296,,,,,1996,11.6,,,,,,
297,,,,,1997,28.9,,,,,,
298,,,,,1998,88.3,,,,,,
299,,,,,1999,136.3,,,,,,
300,,,,,2000,173.9,,,,,,
301,,,,,2001,170.4,,,,,,
302,,,,,2002,163.6,,,,,,
303,,,,,2003,99.3,,,,,,
304,,,,,2004,65.3,,,,,,
305,,,,,2005,45.8,,,,,,
306,,,,,2006,24.7,,,,,,
307,,,,,2007,12.6,,,,,,
308,,,,,2008,4.2,,,,,,
309,,,,,2009,4.8,,,,,,
310,,,,,2010,24.9,,,,,,
311,,,,,2011,80.8,,,,,,
312,,,,,2012,84.5,,,,,,
313,,,,,2013,94.0,,,,,,
314,,,,,2014,113.3,,,,,,
315,,,,,2015,69.8,,,,,,
316,,,,,2016,39.8,,,,,,
317,,,,,2017,21.7,,,,,,
318,,,,,2018,7.0,,,,,,
319,,,,,2019,3.6,,,,,,
320,,,,,2020,8.8,,,,,,
321,,,,,2021,29.6,,,,,,
322,,,,,2022,83.2,,,,,,
323,,,,,2023,125.5,,,,,,
324,,,,,2024,154.7,,,,,,
